$ANSIBLE_VAULT;1.1;AES256
64663633376437303732356634306233626462343766633138303365633262613362633233336630
3235343930653236326634393739643830656133643233640a343065323462376465653338663737
33356432383564656662386333663133376361383565316563363862343236326564343936383064
3635313338306332390a646262356230613361663561613235316539666635626663336438313037
63373066323438386231643566643631343438613631323036353831353066616331323866393737
66306662303938326662303138643530653938363865663035386339313263396665323631343831
61363133386562323331303862653739396434373462626133383765383937333635343361333137
34653662366135373232316562313665333565653736613763353761366133623734373761343533
66666666326332613665303362653831626666396465633265663832326666633130323339333831
62666131396238623732366632323738666137386435383161623939323937386634646164643463
35336335323465343237376634343137323431653662326434326133373435353632306431653333
33386363303134396137323335366335303537346163616130356332313739653330393435343833
37613865633436623639666330373136363464613661383034316636333538386337653665633038
32316266386366643832326531306235613565653730306631336230623631623238643034653632
36303537383836656131393839396161656666643235396637623938363763383030303165323336
33323039333565633532663961353561626435313865633265363566363732323539336139326336
65366331356635336135333164613461346139653233383066313138656630343039393730613033
37376439636462383337373732333466303632346463626232393534616439333461393032393032
63373339633031336563353436366561366364303633656362346234363366313837666237383764
34663232326238346464353163613635663732666161356630306161383861356365396230343362
66386333366361656435343361373161356138316365326338666538383239323834316539326339
30336132353130316131663037376135616632386639313262373763653536333935613739623864
63383535303763663237303333393766623066636536356664303966343263653433393037646331
66306437393463353262646530616561313838346139663935313565303637373737633939646365
63303233306466376164623735326635363538666133626365363564316637613936343932646561
65623433656663323931643266623365356133326561363936386237396439346532333831633937
63333137343531303437333131333864623261623961653161363037313463653331653763643466
30353431653963323339313361333264373034663163316538386230356166316433653664366239
36663938633162333464306230653237653538356330313361393261393139353934366533353430
34393530333935383333616639316231646530363963646636353335346138663561383535303531
61646636626539613561663262303432323263636165333938323665393865633234333965323864
62623334326637303839343834303365626434393536376631666539323234643065346234376338
31396230356563373234633966623866306531363763613036303632313265643639
